回溯法
beibao1.in  最大值：334  解向量：[1,0,0,1,1,1,1,0,]   耗时：0.000997304916381836
贪心法
beibao9.in  最大值：2844  解向量：[0,0,0,0,0,0,0,0,1,1,0,1,0,1,0,0,1,1,1,0,0,1,1,0,1,1,1,1,0,0,0,0,0,1,0,0,0,1,0,0,0,0,1,1,1,0,0,1,0,0,0,0,0,0,1,1,1,1,0,1,1,0,0,0,1,1,0,1,0,1,0,1,0,1,0,0,1,1,1,1,1,0,0,1,1,0,0,1,1,0,1,1,1,0,0,0,0,1,0,0,]   耗时：0.002991914749145508
动态规划法
beibao4.in  最大值：2558  解向量：[1,0,0,0,0,1,0,1,0,0,0,0,0,1,1,1,0,0,1,1,1,0,0,0,0,1,0,0,0,0,1,1,0,1,0,0,1,1,0,0,1,1,1,0,1,0,1,1,0,1,0,1,0,1,1,0,0,1,1,0,1,0,0,0,1,0,1,0,0,0,0,0,0,0,0,0,0,1,0,0,1,1,0,0,0,0,0,1,0,0,1,1,0,1,0,0,0,1,1,1,]   耗时：0.08282065391540527
遗传算法
beibao9.in  最大值：1769  解向量：[1,0,0,1,0,0,0,1,0,1,0,1,1,1,0,1,0,0,0,0,1,1,1,1,1,0,0,0,1,0,0,0,1,1,1,1,0,1,0,0,0,0,0,0,0,1,1,1,0,0,0,1,0,0,0,0,0,1,0,0,1,0,0,0,0,0,0,0,0,0,0,0,0,0,0,0,1,0,0,0,0,0,0,0,0,0,0,0,0,0,0,0,0,0,0,0,0,0,0,0,]   耗时：1.1978261470794678
遗传算法
beibao4.in  最大值：1632  解向量：[1,1,1,1,0,0,1,0,0,0,0,1,0,0,1,1,1,0,0,0,1,1,1,0,0,1,0,1,1,0,0,0,0,0,0,0,1,1,1,1,0,1,1,0,1,0,0,1,0,1,0,0,0,0,0,0,0,0,0,0,0,0,0,0,0,0,0,0,0,0,0,0,0,0,0,0,0,0,0,0,0,0,0,0,0,0,0,0,0,0,1,0,0,0,0,0,0,0,0,0,]   耗时：1.18137526512146
动态规划法
beibao9.in  最大值：2852  解向量：[0,0,0,0,0,0,0,0,1,1,1,1,0,1,0,0,1,1,1,0,0,1,1,0,1,1,1,1,0,0,0,0,0,1,0,0,0,1,0,0,1,0,1,1,1,0,0,1,0,0,0,0,0,0,1,1,1,1,0,1,1,0,0,0,1,1,0,1,0,1,0,1,0,1,0,0,1,1,1,0,1,0,0,1,0,0,0,1,1,0,1,1,1,0,0,0,0,1,0,0,]   耗时：0.03784823417663574
动态规划法
beibao0.in  最大值：133  解向量：[0,0,1,1,0,]   耗时：0.0009975433349609375
